1
 8 0 0 0 0 0 0
 0 0.02 13.375 13.4785 15.4519 12.8316 5.13487 1317.28 1317.28 3.51321 5.2475 -2.58159 -5.78716 0 0 0
1
 18 0 0 0 0 0 0
 0 0.02 13.375 0 15.4519 1.67897 1.67897 1.8278e-05 1.8278e-05 6.91157 3.12545 -18.0864 15.0228 0 12 0.1
1
 18 0 0 0 0 0 0
 0 0.02 13.375 0 15.4519 1.67897 1.67897 1.8278e-05 1.8278e-05 6.91157 3.12545 -18.0864 15.0228 0 12 0.1
1
 12 0 0 0 0 0 0
 0 0.02 91.73 0 5.61758 1.07681 1.07681 0.0064849 0.0064849 5.25574 1.60206 -7.73769 8.48254 0 0 0
1
 19 0 0 0 0 0 0
 0 0.02 4.02871 0 65.0756 15.8912 15.8912 6.75374e-05 6.75374e-05 5.3464 -2 -8.30422 18.0542 0 0 0
1
 19 0 0 0 0 0 0
 0 0.02 4.02871 0 65.0756 15.8912 15.8912 6.75374e-05 6.75374e-05 5.3464 -2 -8.30422 18.0542 0 0 0
1
 12 0 0 0 0 0 0
 0 0.02 396.244 0 3.20444 0.765431 0.765431 0.0120371 0.0120371 5.12143 1.60206 -6.89873 7.64358 0 0 0
1
 12 0 0 0 0 0 0
 0 0.02 405.216 0 3.17912 0.762594 0.762594 0.0121222 0.0121222 5.1199 1.60206 -6.88918 7.63403 0 0 0
1
 12 0 0 0 0 0 0
 0 0.02 611.483 0 2.75026 0.713533 0.713533 0.013594 0.013594 5.09502 1.60206 -6.73382 7.47867 0 0 0
1
 12 0 0 0 0 0 0
 0 0.02 2129.21 0 1.69619 0.594513 0.594513 0.0173566 0.0173566 5.04196 1.60206 -6.40266 7.14751 0 0 0
1
 12 0 0 0 0 0 0
 0 0.02 2854.04 0 1.53977 0.576722 0.576722 0.0185131 0.0185131 5.02795 1.60206 -6.31527 7.06012 0 0 0
1
 12 0 0 0 0 0 0
 0 0.02 6609.2 0 1.19462 0.536246 0.536246 0.021144 0.021144 4.9991 1.60206 -6.13531 6.88016 0 0 0
1
 12 0 0 0 0 0 0
 0 0.02 7323.49 0 1.16037 0.526825 0.526825 0.0217564 0.0217564 4.9929 1.60206 -6.09666 6.84151 0 0 0
1
 8 0 0 0 0 0 0
 0 0.02 13.375 13.4785 15.4519 12.8316 5.13487 1317.28 1317.28 3.51321 5.2475 -2.58159 -5.78716 0 0 0
1
 18 0 0 0 0 0 0
 0 0.02 13.375 0 15.4519 1.67897 1.67897 1.8278e-05 1.8278e-05 6.91157 3.12545 -18.0864 15.0228 0 12 0.1
1
 18 0 0 0 0 0 0
 0 0.02 13.375 0 15.4519 1.67897 1.67897 1.8278e-05 1.8278e-05 6.91157 3.12545 -18.0864 15.0228 0 12 0.1
1
 12 0 0 0 0 0 0
 0 0.02 91.73 0 5.61758 1.07681 1.07681 0.0064849 0.0064849 5.25574 1.60206 -7.73769 8.48254 0 0 0
1
 19 0 0 0 0 0 0
 0 0.02 4.02871 0 65.0756 15.8912 15.8912 6.75374e-05 6.75374e-05 5.3464 -2 -8.30422 18.0542 0 0 0
1
 19 0 0 0 0 0 0
 0 0.02 4.02871 0 65.0756 15.8912 15.8912 6.75374e-05 6.75374e-05 5.3464 -2 -8.30422 18.0542 0 0 0
1
 12 0 0 0 0 0 0
 0 0.02 396.244 0 3.20444 0.765431 0.765431 0.0120371 0.0120371 5.12143 1.60206 -6.89873 7.64358 0 0 0
1
 12 0 0 0 0 0 0
 0 0.02 405.216 0 3.17912 0.762594 0.762594 0.0121222 0.0121222 5.1199 1.60206 -6.88918 7.63403 0 0 0
1
 12 0 0 0 0 0 0
 0 0.02 611.483 0 2.75026 0.713533 0.713533 0.013594 0.013594 5.09502 1.60206 -6.73382 7.47867 0 0 0
1
 12 0 0 0 0 0 0
 0 0.02 2129.21 0 1.69619 0.594513 0.594513 0.0173566 0.0173566 5.04196 1.60206 -6.40266 7.14751 0 0 0
1
 12 0 0 0 0 0 0
 0 0.02 2854.04 0 1.53977 0.576722 0.576722 0.0185131 0.0185131 5.02795 1.60206 -6.31527 7.06012 0 0 0
1
 12 0 0 0 0 0 0
 0 0.02 6609.2 0 1.19462 0.536246 0.536246 0.021144 0.021144 4.9991 1.60206 -6.13531 6.88016 0 0 0
1
 12 0 0 0 0 0 0
 0 0.02 7323.49 0 1.16037 0.526825 0.526825 0.0217564 0.0217564 4.9929 1.60206 -6.09666 6.84151 0 0 0
1
 8 0 0 0 0 0 0
 0 0.02 13.375 13.4785 15.4519 12.8316 5.13487 1317.28 1317.28 3.51321 5.2475 -2.58159 -5.78716 0 0 0
1
 18 0 0 0 0 0 0
 0 0.02 13.375 0 15.4519 1.67897 1.67897 1.8278e-05 1.8278e-05 6.91157 3.12545 -18.0864 15.0228 0 12 0.1
1
 18 0 0 0 0 0 0
 0 0.02 13.375 0 15.4519 1.67897 1.67897 1.8278e-05 1.8278e-05 6.91157 3.12545 -18.0864 15.0228 0 12 0.1
1
 12 0 0 0 0 0 0
 0 0.02 91.73 0 5.61758 1.07681 1.07681 0.0064849 0.0064849 5.25574 1.60206 -7.73769 8.48254 0 0 0
1
 19 0 0 0 0 0 0
 0 0.02 4.02871 0 65.0756 15.8912 15.8912 6.75374e-05 6.75374e-05 5.3464 -2 -8.30422 18.0542 0 0 0
1
 19 0 0 0 0 0 0
 0 0.02 4.02871 0 65.0756 15.8912 15.8912 6.75374e-05 6.75374e-05 5.3464 -2 -8.30422 18.0542 0 0 0
1
 12 0 0 0 0 0 0
 0 0.02 396.244 0 3.20444 0.765431 0.765431 0.0120371 0.0120371 5.12143 1.60206 -6.89873 7.64358 0 0 0
1
 12 0 0 0 0 0 0
 0 0.02 405.216 0 3.17912 0.762594 0.762594 0.0121222 0.0121222 5.1199 1.60206 -6.88918 7.63403 0 0 0
1
 12 0 0 0 0 0 0
 0 0.02 611.483 0 2.75026 0.713533 0.713533 0.013594 0.013594 5.09502 1.60206 -6.73382 7.47867 0 0 0
1
 12 0 0 0 0 0 0
 0 0.02 2129.21 0 1.69619 0.594513 0.594513 0.0173566 0.0173566 5.04196 1.60206 -6.40266 7.14751 0 0 0
1
 12 0 0 0 0 0 0
 0 0.02 2854.04 0 1.53977 0.576722 0.576722 0.0185131 0.0185131 5.02795 1.60206 -6.31527 7.06012 0 0 0
1
 12 0 0 0 0 0 0
 0 0.02 6609.2 0 1.19462 0.536246 0.536246 0.021144 0.021144 4.9991 1.60206 -6.13531 6.88016 0 0 0
1
 12 0 0 0 0 0 0
 0 0.02 7323.49 0 1.16037 0.526825 0.526825 0.0217564 0.0217564 4.9929 1.60206 -6.09666 6.84151 0 0 0
1
 8 0 0 0 0 0 0
 0 0.02 13.375 13.4785 15.4519 12.8316 5.13487 1317.28 1317.28 3.51321 5.2475 -2.58159 -5.78716 0 0 0
1
 18 0 0 0 0 0 0
 0 0.02 13.375 0 15.4519 1.67897 1.67897 1.8278e-05 1.8278e-05 6.91157 3.12545 -18.0864 15.0228 0 12 0.1
1
 18 0 0 0 0 0 0
 0 0.02 13.375 0 15.4519 1.67897 1.67897 1.8278e-05 1.8278e-05 6.91157 3.12545 -18.0864 15.0228 0 12 0.1
1
 12 0 0 0 0 0 0
 0 0.02 91.73 0 5.61758 1.07681 1.07681 0.0064849 0.0064849 5.25574 1.60206 -7.73769 8.48254 0 0 0
1
 19 0 0 0 0 0 0
 0 0.02 4.02871 0 65.0756 15.8912 15.8912 6.75374e-05 6.75374e-05 5.3464 -2 -8.30422 18.0542 0 0 0
1
 19 0 0 0 0 0 0
 0 0.02 4.02871 0 65.0756 15.8912 15.8912 6.75374e-05 6.75374e-05 5.3464 -2 -8.30422 18.0542 0 0 0
1
 12 0 0 0 0 0 0
 0 0.02 396.244 0 3.20444 0.765431 0.765431 0.0120371 0.0120371 5.12143 1.60206 -6.89873 7.64358 0 0 0
1
 12 0 0 0 0 0 0
 0 0.02 405.216 0 3.17912 0.762594 0.762594 0.0121222 0.0121222 5.1199 1.60206 -6.88918 7.63403 0 0 0
1
 12 0 0 0 0 0 0
 0 0.02 611.483 0 2.75026 0.713533 0.713533 0.013594 0.013594 5.09502 1.60206 -6.73382 7.47867 0 0 0
1
 12 0 0 0 0 0 0
 0 0.02 2129.21 0 1.69619 0.594513 0.594513 0.0173566 0.0173566 5.04196 1.60206 -6.40266 7.14751 0 0 0
1
 12 0 0 0 0 0 0
 0 0.02 2854.04 0 1.53977 0.576722 0.576722 0.0185131 0.0185131 5.02795 1.60206 -6.31527 7.06012 0 0 0
1
 12 0 0 0 0 0 0
 0 0.02 6609.2 0 1.19462 0.536246 0.536246 0.021144 0.021144 4.9991 1.60206 -6.13531 6.88016 0 0 0
1
 12 0 0 0 0 0 0
 0 0.02 7323.49 0 1.16037 0.526825 0.526825 0.0217564 0.0217564 4.9929 1.60206 -6.09666 6.84151 0 0 0
