1
 8 0 0 0 0 0 0
 0 0.02 7.20938 7.27686 26.1803 15.5688 10.2131 1970.51 1970.51 3.5075 5.57446 -2.69994 -6.48622 0 0 0
1
 19 0 0 0 0 0 0
 0 0.02 7.20938 0 26.1803 8.85146 8.85146 3.76187e-05 3.76187e-05 5.47347 -2 -9.09833 18.8483 0 0 0
1
 19 0 0 0 0 0 0
 0 0.02 7.20938 0 26.1803 8.85146 8.85146 3.76187e-05 3.76187e-05 5.47347 -2 -9.09833 18.8483 0 0 0
1
 14 0 0 0 0 0 0
 0 0.02 50.8368 0 7.31357 1.33163 1.33163 0.00245388 0.00245388 5.46676 1.60206 -9.0564 9.80125 0 0 0
1
 8 0 0 0 0 0 0
 0 0.02 10.0996 10.1557 19.1604 14.5354 6.79764 1292.39 1292.39 3.52495 5.27789 -2.33054 -6.11419 0 0 0
1
 19 0 0 0 0 0 0
 0 0.02 10.0996 0 19.1604 4.06517 4.06517 1.7277e-05 1.7277e-05 5.64244 -2 -10.1544 19.9044 0 0 0
1
 19 0 0 0 0 0 0
 0 0.02 10.0996 0 19.1604 4.06517 4.06517 1.7277e-05 1.7277e-05 5.64244 -2 -10.1544 19.9044 0 0 0
1
 8 0 0 0 0 0 0
 0 0.02 39.5082 39.7084 8.21008 8.02613 2.25242 469.243 469.243 3.54417 4.47476 -1.90734 -4.52955 0 0 0
1
 18 0 0 0 0 0 0
 0 0.02 39.5082 0 8.21008 1.19793 1.19793 2.0455e-05 2.0455e-05 6.91565 3.23948 -18.1119 14.7632 0 12 0.1
1
 18 0 0 0 0 0 0
 0 0.02 39.5082 0 8.21008 1.19793 1.19793 2.0455e-05 2.0455e-05 6.91565 3.23948 -18.1119 14.7632 0 12 0.1
1
 8 0 0 0 0 0 0
 0 0.02 37.5861 37.7888 8.41671 8.21186 2.32644 504.415 504.415 3.54105 4.52509 -1.9762 -4.58652 0 0 0
1
 18 0 0 0 0 0 0
 0 0.02 37.5861 0 8.41671 1.20306 1.20306 2.04258e-05 2.04258e-05 6.9156 3.23804 -18.1115 14.7665 0 12 0.1
1
 18 0 0 0 0 0 0
 0 0.02 37.5861 0 8.41671 1.20306 1.20306 2.04258e-05 2.04258e-05 6.9156 3.23804 -18.1115 14.7665 0 12 0.1
1
 19 0 0 0 0 0 0
 0 0.02 4.09815 0 62.4251 15.3501 15.3501 6.52381e-05 6.52381e-05 5.35393 -2 -8.35122 18.1012 0 0 0
1
 19 0 0 0 0 0 0
 0 0.02 4.09815 0 62.4251 15.3501 15.3501 6.52381e-05 6.52381e-05 5.35393 -2 -8.35122 18.1012 0 0 0
1
 19 0 0 0 0 0 0
 0 0.02 4.95675 0 43.0873 6.78744 6.78744 2.88466e-05 2.88466e-05 5.53113 -2 -9.45866 19.2087 0 0 0
1
 19 0 0 0 0 0 0
 0 0.02 4.95675 0 43.0873 6.78744 6.78744 2.88466e-05 2.88466e-05 5.53113 -2 -9.45866 19.2087 0 0 0
1
 14 0 0 0 0 0 0
 0 0.02 51.1691 0 7.29106 1.32811 1.32811 0.00254325 0.00254325 5.459 1.60206 -9.00785 9.7527 0 0 0
1
 19 0 0 0 0 0 0
 0 0.02 4.97867 0 42.7772 6.69885 6.69885 2.84701e-05 2.84701e-05 5.53398 -2 -9.47649 19.2265 0 0 0
1
 19 0 0 0 0 0 0
 0 0.02 4.97867 0 42.7772 6.69885 6.69885 2.84701e-05 2.84701e-05 5.53398 -2 -9.47649 19.2265 0 0 0
1
 8 0 0 0 0 0 0
 0 0.02 18.5436 18.6931 12.448 11.6853 3.87361 1099.3 1099.3 3.51728 5.10667 -2.49555 -5.52112 0 0 0
1
 18 0 0 0 0 0 0
 0 0.02 18.5436 0 12.448 1.3783 1.3783 1.95207e-05 1.95207e-05 6.91395 3.1921 -18.1013 14.871 0 12 0.1
1
 18 0 0 0 0 0 0
 0 0.02 18.5436 0 12.448 1.3783 1.3783 1.95207e-05 1.95207e-05 6.91395 3.1921 -18.1013 14.871 0 12 0.1
1
 14 0 0 0 0 0 0
 0 0.02 68.8337 0 6.3659 1.18614 1.18614 0.00505852 0.00505852 5.30968 1.60206 -8.07473 8.81958 0 0 0
1
 14 0 0 0 0 0 0
 0 0.02 61.0342 0 6.7213 1.23964 1.23964 0.00425636 0.00425636 5.34717 1.60206 -8.30902 9.05387 0 0 0
1
 12 0 0 0 0 0 0
 0 0.02 77.841 0 6.02921 1.13638 1.13638 0.00573318 0.00573318 5.28249 1.60206 -7.90486 8.64971 0 0 0
1
 14 0 0 0 0 0 0
 0 0.02 62.0232 0 6.6723 1.23251 1.23251 0.00436942 0.00436942 5.34148 1.60206 -8.27345 9.0183 0 0 0
1
 12 0 0 0 0 0 0
 0 0.02 98.059 0 5.46157 1.05481 1.05481 0.00675207 0.00675207 5.24697 1.60206 -7.68292 8.42777 0 0 0
1
 12 0 0 0 0 0 0
 0 0.02 122.471 0 4.98295 0.988153 0.988153 0.00753855 0.00753855 5.22305 1.60206 -7.53344 8.27829 0 0 0
1
 12 0 0 0 0 0 0
 0 0.02 161.667 0 4.46272 0.919292 0.919292 0.00833026 0.00833026 5.20136 1.60206 -7.39797 8.14282 0 0 0
1
 12 0 0 0 0 0 0
 0 0.02 156.038 0 4.52486 0.927329 0.927329 0.0082384 0.0082384 5.20377 1.60206 -7.41301 8.15786 0 0 0
1
 12 0 0 0 0 0 0
 0 0.02 218.529 0 3.97768 0.85829 0.85829 0.00902687 0.00902687 5.18392 1.60206 -7.28903 8.03388 0 0 0
1
 12 0 0 0 0 0 0
 0 0.02 184.858 0 4.23774 0.890518 0.890518 0.00865873 0.00865873 5.19296 1.60206 -7.34551 8.09036 0 0 0
1
 12 0 0 0 0 0 0
 0 0.02 265.899 0 3.69881 0.825445 0.825445 0.00940372 0.00940372 5.17504 1.60206 -7.23355 7.9784 0 0 0
1
 12 0 0 0 0 0 0
 0 0.02 291.287 0 3.57774 0.812324 0.812324 0.00955506 0.00955506 5.17157 1.60206 -7.2119 7.95675 0 0 0
1
 12 0 0 0 0 0 0
 0 0.02 261.875 0 3.71973 0.829052 0.829052 0.00936221 0.00936221 5.176 1.60206 -7.23955 7.9844 0 0 0
1
 12 0 0 0 0 0 0
 0 0.02 331.653 0 3.41425 0.791325 0.791325 0.0112603 0.0112603 5.13592 1.60206 -6.98919 7.73404 0 0 0
1
 12 0 0 0 0 0 0
 0 0.02 318.037 0 3.46604 0.797902 0.797902 0.0110629 0.0110629 5.13976 1.60206 -7.01317 7.75802 0 0 0
1
 12 0 0 0 0 0 0
 0 0.02 314.18 0 3.48129 0.799821 0.799821 0.0110054 0.0110054 5.14089 1.60206 -7.02025 7.7651 0 0 0
1
 12 0 0 0 0 0 0
 0 0.02 325.733 0 3.43639 0.794217 0.794217 0.0111735 0.0111735 5.1376 1.60206 -6.99969 7.74454 0 0 0
1
 12 0 0 0 0 0 0
 0 0.02 396.621 0 3.20336 0.765268 0.765268 0.012042 0.012042 5.12134 1.60206 -6.89818 7.64303 0 0 0
1
 12 0 0 0 0 0 0
 0 0.02 416.429 0 3.14882 0.769887 0.769887 0.0119034 0.0119034 5.12386 1.60206 -6.91388 7.65873 0 0 0
1
 12 0 0 0 0 0 0
 0 0.02 367.077 0 3.29269 0.776387 0.776387 0.0117084 0.0117084 5.12744 1.60206 -6.93627 7.68112 0 0 0
1
 12 0 0 0 0 0 0
 0 0.02 422.22 0 3.13321 0.756676 0.756676 0.0122997 0.0122997 5.11674 1.60206 -6.86947 7.61432 0 0 0
1
 12 0 0 0 0 0 0
 0 0.02 457.14 0 3.04655 0.746161 0.746161 0.0126152 0.0126152 5.11124 1.60206 -6.83513 7.57998 0 0 0
1
 12 0 0 0 0 0 0
 0 0.02 451.495 0 3.0599 0.747718 0.747718 0.0125685 0.0125685 5.11205 1.60206 -6.84016 7.58501 0 0 0
1
 12 0 0 0 0 0 0
 0 0.02 516.591 0 2.91821 0.730327 0.730327 0.0130902 0.0130902 5.10322 1.60206 -6.78502 7.52987 0 0 0
1
 12 0 0 0 0 0 0
 0 0.02 672.391 0 2.6598 0.70139 0.70139 0.0139583 0.0139583 5.08927 1.60206 -6.69797 7.44282 0 0 0
1
 12 0 0 0 0 0 0
 0 0.02 701.491 0 2.62034 0.697084 0.697084 0.0140875 0.0140875 5.08727 1.60206 -6.68548 7.43033 0 0 0
1
 12 0 0 0 0 0 0
 0 0.02 760.523 0 2.54654 0.688379 0.688379 0.0143486 0.0143486 5.08329 1.60206 -6.66058 7.40543 0 0 0
1
 12 0 0 0 0 0 0
 0 0.02 780.519 0 2.52334 0.696397 0.696397 0.0141081 0.0141081 5.08696 1.60206 -6.6835 7.42835 0 0 0
1
 12 0 0 0 0 0 0
 0 0.02 1190.61 0 2.1701 0.634485 0.634485 0.0159654 0.0159654 5.0601 1.60206 -6.51587 7.26072 0 0 0
1
 12 0 0 0 0 0 0
 0 0.02 1214.81 0 2.15453 0.633628 0.633628 0.0159911 0.0159911 5.05975 1.60206 -6.51369 7.25854 0 0 0
1
 12 0 0 0 0 0 0
 0 0.02 1431.24 0 2.03176 0.630851 0.630851 0.0160745 0.0160745 5.05862 1.60206 -6.50665 7.2515 0 0 0
1
 12 0 0 0 0 0 0
 0 0.02 1431.66 0 2.03155 0.630826 0.630826 0.0160752 0.0160752 5.05861 1.60206 -6.50658 7.25143 0 0 0
1
 12 0 0 0 0 0 0
 0 0.02 1469.59 0 2.01264 0.63001 0.63001 0.0160997 0.0160997 5.05828 1.60206 -6.50452 7.24937 0 0 0
1
 12 0 0 0 0 0 0
 0 0.02 1442.52 0 2.02607 0.630294 0.630294 0.0160912 0.0160912 5.0584 1.60206 -6.50524 7.25009 0 0 0
1
 12 0 0 0 0 0 0
 0 0.02 1501.92 0 1.97147 0.627572 0.627572 0.0161728 0.0161728 5.0573 1.60206 -6.49838 7.24323 0 0 0
1
 12 0 0 0 0 0 0
 0 0.02 1513.46 0 1.94898 0.624595 0.624595 0.0162622 0.0162622 5.0561 1.60206 -6.49091 7.23576 0 0 0
1
 12 0 0 0 0 0 0
 0 0.02 1551.47 0 1.9154 0.621075 0.621075 0.0163678 0.0163678 5.0547 1.60206 -6.48214 7.22699 0 0 0
1
 12 0 0 0 0 0 0
 0 0.02 1851.61 0 1.78095 0.605354 0.605354 0.0168394 0.0168394 5.04853 1.60206 -6.44365 7.1885 0 0 0
1
 12 0 0 0 0 0 0
 0 0.02 1917.11 0 1.759 0.602475 0.602475 0.0169258 0.0169258 5.04742 1.60206 -6.43672 7.18157 0 0 0
1
 12 0 0 0 0 0 0
 0 0.02 1947.96 0 1.74913 0.601032 0.601032 0.016969 0.016969 5.04686 1.60206 -6.43326 7.17811 0 0 0
1
 12 0 0 0 0 0 0
 0 0.02 1999.74 0 1.73319 0.599224 0.599224 0.0170504 0.0170504 5.04582 1.60206 -6.42677 7.17162 0 0 0
1
 12 0 0 0 0 0 0
 0 0.02 2046.21 0 1.71946 0.597655 0.597655 0.0171524 0.0171524 5.04453 1.60206 -6.41869 7.16354 0 0 0
1
 12 0 0 0 0 0 0
 0 0.02 2049.68 0 1.71846 0.597627 0.597627 0.0171542 0.0171542 5.04451 1.60206 -6.41855 7.1634 0 0 0
1
 12 0 0 0 0 0 0
 0 0.02 2243.61 0 1.66641 0.591266 0.591266 0.0175677 0.0175677 5.03933 1.60206 -6.38628 7.13113 0 0 0
1
 12 0 0 0 0 0 0
 0 0.02 2265.27 0 1.66104 0.591134 0.591134 0.0175763 0.0175763 5.03923 1.60206 -6.38562 7.13047 0 0 0
1
 12 0 0 0 0 0 0
 0 0.02 2254.31 0 1.66375 0.591191 0.591191 0.0175726 0.0175726 5.03927 1.60206 -6.3859 7.13075 0 0 0
1
 12 0 0 0 0 0 0
 0 0.02 2478.71 0 1.61205 0.584816 0.584816 0.017987 0.017987 5.03421 1.60206 -6.35433 7.09918 0 0 0
1
 8 0 0 0 0 0 0
 0 0.02 7.20938 7.27686 26.1803 15.5688 10.2131 1970.51 1970.51 3.5075 5.57446 -2.69994 -6.48622 0 0 0
1
 19 0 0 0 0 0 0
 0 0.02 7.20938 0 26.1803 8.85146 8.85146 3.76187e-05 3.76187e-05 5.47347 -2 -9.09833 18.8483 0 0 0
1
 19 0 0 0 0 0 0
 0 0.02 7.20938 0 26.1803 8.85146 8.85146 3.76187e-05 3.76187e-05 5.47347 -2 -9.09833 18.8483 0 0 0
1
 14 0 0 0 0 0 0
 0 0.02 50.8368 0 7.31357 1.33163 1.33163 0.00245388 0.00245388 5.46676 1.60206 -9.0564 9.80125 0 0 0
1
 8 0 0 0 0 0 0
 0 0.02 10.0996 10.1557 19.1604 14.5354 6.79764 1292.39 1292.39 3.52495 5.27789 -2.33054 -6.11419 0 0 0
1
 19 0 0 0 0 0 0
 0 0.02 10.0996 0 19.1604 4.06517 4.06517 1.7277e-05 1.7277e-05 5.64244 -2 -10.1544 19.9044 0 0 0
1
 19 0 0 0 0 0 0
 0 0.02 10.0996 0 19.1604 4.06517 4.06517 1.7277e-05 1.7277e-05 5.64244 -2 -10.1544 19.9044 0 0 0
1
 8 0 0 0 0 0 0
 0 0.02 39.5082 39.7084 8.21008 8.02613 2.25242 469.243 469.243 3.54417 4.47476 -1.90734 -4.52955 0 0 0
1
 18 0 0 0 0 0 0
 0 0.02 39.5082 0 8.21008 1.19793 1.19793 2.0455e-05 2.0455e-05 6.91565 3.23948 -18.1119 14.7632 0 12 0.1
1
 18 0 0 0 0 0 0
 0 0.02 39.5082 0 8.21008 1.19793 1.19793 2.0455e-05 2.0455e-05 6.91565 3.23948 -18.1119 14.7632 0 12 0.1
1
 8 0 0 0 0 0 0
 0 0.02 37.5861 37.7888 8.41671 8.21186 2.32644 504.415 504.415 3.54105 4.52509 -1.9762 -4.58652 0 0 0
1
 18 0 0 0 0 0 0
 0 0.02 37.5861 0 8.41671 1.20306 1.20306 2.04258e-05 2.04258e-05 6.9156 3.23804 -18.1115 14.7665 0 12 0.1
1
 18 0 0 0 0 0 0
 0 0.02 37.5861 0 8.41671 1.20306 1.20306 2.04258e-05 2.04258e-05 6.9156 3.23804 -18.1115 14.7665 0 12 0.1
1
 19 0 0 0 0 0 0
 0 0.02 4.09815 0 62.4251 15.3501 15.3501 6.52381e-05 6.52381e-05 5.35393 -2 -8.35122 18.1012 0 0 0
1
 19 0 0 0 0 0 0
 0 0.02 4.09815 0 62.4251 15.3501 15.3501 6.52381e-05 6.52381e-05 5.35393 -2 -8.35122 18.1012 0 0 0
1
 19 0 0 0 0 0 0
 0 0.02 4.95675 0 43.0873 6.78744 6.78744 2.88466e-05 2.88466e-05 5.53113 -2 -9.45866 19.2087 0 0 0
1
 19 0 0 0 0 0 0
 0 0.02 4.95675 0 43.0873 6.78744 6.78744 2.88466e-05 2.88466e-05 5.53113 -2 -9.45866 19.2087 0 0 0
1
 14 0 0 0 0 0 0
 0 0.02 51.1691 0 7.29106 1.32811 1.32811 0.00254325 0.00254325 5.459 1.60206 -9.00785 9.7527 0 0 0
1
 19 0 0 0 0 0 0
 0 0.02 4.97867 0 42.7772 6.69885 6.69885 2.84701e-05 2.84701e-05 5.53398 -2 -9.47649 19.2265 0 0 0
1
 19 0 0 0 0 0 0
 0 0.02 4.97867 0 42.7772 6.69885 6.69885 2.84701e-05 2.84701e-05 5.53398 -2 -9.47649 19.2265 0 0 0
1
 8 0 0 0 0 0 0
 0 0.02 18.5436 18.6931 12.448 11.6853 3.87361 1099.3 1099.3 3.51728 5.10667 -2.49555 -5.52112 0 0 0
1
 18 0 0 0 0 0 0
 0 0.02 18.5436 0 12.448 1.3783 1.3783 1.95207e-05 1.95207e-05 6.91395 3.1921 -18.1013 14.871 0 12 0.1
1
 18 0 0 0 0 0 0
 0 0.02 18.5436 0 12.448 1.3783 1.3783 1.95207e-05 1.95207e-05 6.91395 3.1921 -18.1013 14.871 0 12 0.1
1
 14 0 0 0 0 0 0
 0 0.02 68.8337 0 6.3659 1.18614 1.18614 0.00505852 0.00505852 5.30968 1.60206 -8.07473 8.81958 0 0 0
1
 14 0 0 0 0 0 0
 0 0.02 61.0342 0 6.7213 1.23964 1.23964 0.00425636 0.00425636 5.34717 1.60206 -8.30902 9.05387 0 0 0
1
 12 0 0 0 0 0 0
 0 0.02 77.841 0 6.02921 1.13638 1.13638 0.00573318 0.00573318 5.28249 1.60206 -7.90486 8.64971 0 0 0
1
 14 0 0 0 0 0 0
 0 0.02 62.0232 0 6.6723 1.23251 1.23251 0.00436942 0.00436942 5.34148 1.60206 -8.27345 9.0183 0 0 0
1
 12 0 0 0 0 0 0
 0 0.02 98.059 0 5.46157 1.05481 1.05481 0.00675207 0.00675207 5.24697 1.60206 -7.68292 8.42777 0 0 0
1
 12 0 0 0 0 0 0
 0 0.02 122.471 0 4.98295 0.988153 0.988153 0.00753855 0.00753855 5.22305 1.60206 -7.53344 8.27829 0 0 0
1
 12 0 0 0 0 0 0
 0 0.02 161.667 0 4.46272 0.919292 0.919292 0.00833026 0.00833026 5.20136 1.60206 -7.39797 8.14282 0 0 0
1
 12 0 0 0 0 0 0
 0 0.02 156.038 0 4.52486 0.927329 0.927329 0.0082384 0.0082384 5.20377 1.60206 -7.41301 8.15786 0 0 0
1
 12 0 0 0 0 0 0
 0 0.02 218.529 0 3.97768 0.85829 0.85829 0.00902687 0.00902687 5.18392 1.60206 -7.28903 8.03388 0 0 0
1
 12 0 0 0 0 0 0
 0 0.02 184.858 0 4.23774 0.890518 0.890518 0.00865873 0.00865873 5.19296 1.60206 -7.34551 8.09036 0 0 0
1
 12 0 0 0 0 0 0
 0 0.02 265.899 0 3.69881 0.825445 0.825445 0.00940372 0.00940372 5.17504 1.60206 -7.23355 7.9784 0 0 0
1
 12 0 0 0 0 0 0
 0 0.02 291.287 0 3.57774 0.812324 0.812324 0.00955506 0.00955506 5.17157 1.60206 -7.2119 7.95675 0 0 0
1
 12 0 0 0 0 0 0
 0 0.02 261.875 0 3.71973 0.829052 0.829052 0.00936221 0.00936221 5.176 1.60206 -7.23955 7.9844 0 0 0
1
 12 0 0 0 0 0 0
 0 0.02 331.653 0 3.41425 0.791325 0.791325 0.0112603 0.0112603 5.13592 1.60206 -6.98919 7.73404 0 0 0
1
 12 0 0 0 0 0 0
 0 0.02 318.037 0 3.46604 0.797902 0.797902 0.0110629 0.0110629 5.13976 1.60206 -7.01317 7.75802 0 0 0
1
 12 0 0 0 0 0 0
 0 0.02 314.18 0 3.48129 0.799821 0.799821 0.0110054 0.0110054 5.14089 1.60206 -7.02025 7.7651 0 0 0
1
 12 0 0 0 0 0 0
 0 0.02 325.733 0 3.43639 0.794217 0.794217 0.0111735 0.0111735 5.1376 1.60206 -6.99969 7.74454 0 0 0
1
 12 0 0 0 0 0 0
 0 0.02 396.621 0 3.20336 0.765268 0.765268 0.012042 0.012042 5.12134 1.60206 -6.89818 7.64303 0 0 0
1
 12 0 0 0 0 0 0
 0 0.02 416.429 0 3.14882 0.769887 0.769887 0.0119034 0.0119034 5.12386 1.60206 -6.91388 7.65873 0 0 0
1
 12 0 0 0 0 0 0
 0 0.02 367.077 0 3.29269 0.776387 0.776387 0.0117084 0.0117084 5.12744 1.60206 -6.93627 7.68112 0 0 0
1
 12 0 0 0 0 0 0
 0 0.02 422.22 0 3.13321 0.756676 0.756676 0.0122997 0.0122997 5.11674 1.60206 -6.86947 7.61432 0 0 0
1
 12 0 0 0 0 0 0
 0 0.02 457.14 0 3.04655 0.746161 0.746161 0.0126152 0.0126152 5.11124 1.60206 -6.83513 7.57998 0 0 0
1
 12 0 0 0 0 0 0
 0 0.02 451.495 0 3.0599 0.747718 0.747718 0.0125685 0.0125685 5.11205 1.60206 -6.84016 7.58501 0 0 0
1
 12 0 0 0 0 0 0
 0 0.02 516.591 0 2.91821 0.730327 0.730327 0.0130902 0.0130902 5.10322 1.60206 -6.78502 7.52987 0 0 0
1
 12 0 0 0 0 0 0
 0 0.02 672.391 0 2.6598 0.70139 0.70139 0.0139583 0.0139583 5.08927 1.60206 -6.69797 7.44282 0 0 0
1
 12 0 0 0 0 0 0
 0 0.02 701.491 0 2.62034 0.697084 0.697084 0.0140875 0.0140875 5.08727 1.60206 -6.68548 7.43033 0 0 0
1
 12 0 0 0 0 0 0
 0 0.02 760.523 0 2.54654 0.688379 0.688379 0.0143486 0.0143486 5.08329 1.60206 -6.66058 7.40543 0 0 0
1
 12 0 0 0 0 0 0
 0 0.02 780.519 0 2.52334 0.696397 0.696397 0.0141081 0.0141081 5.08696 1.60206 -6.6835 7.42835 0 0 0
1
 12 0 0 0 0 0 0
 0 0.02 1190.61 0 2.1701 0.634485 0.634485 0.0159654 0.0159654 5.0601 1.60206 -6.51587 7.26072 0 0 0
1
 12 0 0 0 0 0 0
 0 0.02 1214.81 0 2.15453 0.633628 0.633628 0.0159911 0.0159911 5.05975 1.60206 -6.51369 7.25854 0 0 0
1
 12 0 0 0 0 0 0
 0 0.02 1431.24 0 2.03176 0.630851 0.630851 0.0160745 0.0160745 5.05862 1.60206 -6.50665 7.2515 0 0 0
1
 12 0 0 0 0 0 0
 0 0.02 1431.66 0 2.03155 0.630826 0.630826 0.0160752 0.0160752 5.05861 1.60206 -6.50658 7.25143 0 0 0
1
 12 0 0 0 0 0 0
 0 0.02 1469.59 0 2.01264 0.63001 0.63001 0.0160997 0.0160997 5.05828 1.60206 -6.50452 7.24937 0 0 0
1
 12 0 0 0 0 0 0
 0 0.02 1442.52 0 2.02607 0.630294 0.630294 0.0160912 0.0160912 5.0584 1.60206 -6.50524 7.25009 0 0 0
1
 12 0 0 0 0 0 0
 0 0.02 1501.92 0 1.97147 0.627572 0.627572 0.0161728 0.0161728 5.0573 1.60206 -6.49838 7.24323 0 0 0
1
 12 0 0 0 0 0 0
 0 0.02 1513.46 0 1.94898 0.624595 0.624595 0.0162622 0.0162622 5.0561 1.60206 -6.49091 7.23576 0 0 0
1
 12 0 0 0 0 0 0
 0 0.02 1551.47 0 1.9154 0.621075 0.621075 0.0163678 0.0163678 5.0547 1.60206 -6.48214 7.22699 0 0 0
1
 12 0 0 0 0 0 0
 0 0.02 1851.61 0 1.78095 0.605354 0.605354 0.0168394 0.0168394 5.04853 1.60206 -6.44365 7.1885 0 0 0
1
 12 0 0 0 0 0 0
 0 0.02 1917.11 0 1.759 0.602475 0.602475 0.0169258 0.0169258 5.04742 1.60206 -6.43672 7.18157 0 0 0
1
 12 0 0 0 0 0 0
 0 0.02 1947.96 0 1.74913 0.601032 0.601032 0.016969 0.016969 5.04686 1.60206 -6.43326 7.17811 0 0 0
1
 12 0 0 0 0 0 0
 0 0.02 1999.74 0 1.73319 0.599224 0.599224 0.0170504 0.0170504 5.04582 1.60206 -6.42677 7.17162 0 0 0
1
 12 0 0 0 0 0 0
 0 0.02 2046.21 0 1.71946 0.597655 0.597655 0.0171524 0.0171524 5.04453 1.60206 -6.41869 7.16354 0 0 0
1
 12 0 0 0 0 0 0
 0 0.02 2049.68 0 1.71846 0.597627 0.597627 0.0171542 0.0171542 5.04451 1.60206 -6.41855 7.1634 0 0 0
1
 12 0 0 0 0 0 0
 0 0.02 2243.61 0 1.66641 0.591266 0.591266 0.0175677 0.0175677 5.03933 1.60206 -6.38628 7.13113 0 0 0
1
 12 0 0 0 0 0 0
 0 0.02 2265.27 0 1.66104 0.591134 0.591134 0.0175763 0.0175763 5.03923 1.60206 -6.38562 7.13047 0 0 0
1
 12 0 0 0 0 0 0
 0 0.02 2254.31 0 1.66375 0.591191 0.591191 0.0175726 0.0175726 5.03927 1.60206 -6.3859 7.13075 0 0 0
1
 12 0 0 0 0 0 0
 0 0.02 2478.71 0 1.61205 0.584816 0.584816 0.017987 0.017987 5.03421 1.60206 -6.35433 7.09918 0 0 0
1
 12 0 0 0 0 0 0
 0 0.02 2967 0 1.52073 0.573784 0.573784 0.018704 0.018704 5.02572 1.60206 -6.30137 7.04622 0 0 0
1
 8 0 0 0 0 0 0
 0 0.02 7.20938 7.27686 26.1803 15.5688 10.2131 1970.51 1970.51 3.5075 5.57446 -2.69994 -6.48622 0 0 0
1
 19 0 0 0 0 0 0
 0 0.02 7.20938 0 26.1803 8.85146 8.85146 3.76187e-05 3.76187e-05 5.47347 -2 -9.09833 18.8483 0 0 0
1
 19 0 0 0 0 0 0
 0 0.02 7.20938 0 26.1803 8.85146 8.85146 3.76187e-05 3.76187e-05 5.47347 -2 -9.09833 18.8483 0 0 0
1
 14 0 0 0 0 0 0
 0 0.02 50.8368 0 7.31357 1.33163 1.33163 0.00245388 0.00245388 5.46676 1.60206 -9.0564 9.80125 0 0 0
1
 8 0 0 0 0 0 0
 0 0.02 10.0996 10.1557 19.1604 14.5354 6.79764 1292.39 1292.39 3.52495 5.27789 -2.33054 -6.11419 0 0 0
1
 19 0 0 0 0 0 0
 0 0.02 10.0996 0 19.1604 4.06517 4.06517 1.7277e-05 1.7277e-05 5.64244 -2 -10.1544 19.9044 0 0 0
1
 19 0 0 0 0 0 0
 0 0.02 10.0996 0 19.1604 4.06517 4.06517 1.7277e-05 1.7277e-05 5.64244 -2 -10.1544 19.9044 0 0 0
1
 8 0 0 0 0 0 0
 0 0.02 39.5082 39.7084 8.21008 8.02613 2.25242 469.243 469.243 3.54417 4.47476 -1.90734 -4.52955 0 0 0
1
 18 0 0 0 0 0 0
 0 0.02 39.5082 0 8.21008 1.19793 1.19793 2.0455e-05 2.0455e-05 6.91565 3.23948 -18.1119 14.7632 0 12 0.1
1
 18 0 0 0 0 0 0
 0 0.02 39.5082 0 8.21008 1.19793 1.19793 2.0455e-05 2.0455e-05 6.91565 3.23948 -18.1119 14.7632 0 12 0.1
1
 8 0 0 0 0 0 0
 0 0.02 37.5861 37.7888 8.41671 8.21186 2.32644 504.415 504.415 3.54105 4.52509 -1.9762 -4.58652 0 0 0
1
 18 0 0 0 0 0 0
 0 0.02 37.5861 0 8.41671 1.20306 1.20306 2.04258e-05 2.04258e-05 6.9156 3.23804 -18.1115 14.7665 0 12 0.1
1
 18 0 0 0 0 0 0
 0 0.02 37.5861 0 8.41671 1.20306 1.20306 2.04258e-05 2.04258e-05 6.9156 3.23804 -18.1115 14.7665 0 12 0.1
1
 19 0 0 0 0 0 0
 0 0.02 4.09815 0 62.4251 15.3501 15.3501 6.52381e-05 6.52381e-05 5.35393 -2 -8.35122 18.1012 0 0 0
1
 19 0 0 0 0 0 0
 0 0.02 4.09815 0 62.4251 15.3501 15.3501 6.52381e-05 6.52381e-05 5.35393 -2 -8.35122 18.1012 0 0 0
1
 19 0 0 0 0 0 0
 0 0.02 4.95675 0 43.0873 6.78744 6.78744 2.88466e-05 2.88466e-05 5.53113 -2 -9.45866 19.2087 0 0 0
1
 19 0 0 0 0 0 0
 0 0.02 4.95675 0 43.0873 6.78744 6.78744 2.88466e-05 2.88466e-05 5.53113 -2 -9.45866 19.2087 0 0 0
1
 14 0 0 0 0 0 0
 0 0.02 51.1691 0 7.29106 1.32811 1.32811 0.00254325 0.00254325 5.459 1.60206 -9.00785 9.7527 0 0 0
1
 19 0 0 0 0 0 0
 0 0.02 4.97867 0 42.7772 6.69885 6.69885 2.84701e-05 2.84701e-05 5.53398 -2 -9.47649 19.2265 0 0 0
1
 19 0 0 0 0 0 0
 0 0.02 4.97867 0 42.7772 6.69885 6.69885 2.84701e-05 2.84701e-05 5.53398 -2 -9.47649 19.2265 0 0 0
1
 8 0 0 0 0 0 0
 0 0.02 18.5436 18.6931 12.448 11.6853 3.87361 1099.3 1099.3 3.51728 5.10667 -2.49555 -5.52112 0 0 0
1
 18 0 0 0 0 0 0
 0 0.02 18.5436 0 12.448 1.3783 1.3783 1.95207e-05 1.95207e-05 6.91395 3.1921 -18.1013 14.871 0 12 0.1
1
 18 0 0 0 0 0 0
 0 0.02 18.5436 0 12.448 1.3783 1.3783 1.95207e-05 1.95207e-05 6.91395 3.1921 -18.1013 14.871 0 12 0.1
1
 14 0 0 0 0 0 0
 0 0.02 68.8337 0 6.3659 1.18614 1.18614 0.00505852 0.00505852 5.30968 1.60206 -8.07473 8.81958 0 0 0
1
 14 0 0 0 0 0 0
 0 0.02 61.0342 0 6.7213 1.23964 1.23964 0.00425636 0.00425636 5.34717 1.60206 -8.30902 9.05387 0 0 0
1
 12 0 0 0 0 0 0
 0 0.02 77.841 0 6.02921 1.13638 1.13638 0.00573318 0.00573318 5.28249 1.60206 -7.90486 8.64971 0 0 0
1
 14 0 0 0 0 0 0
 0 0.02 62.0232 0 6.6723 1.23251 1.23251 0.00436942 0.00436942 5.34148 1.60206 -8.27345 9.0183 0 0 0
1
 12 0 0 0 0 0 0
 0 0.02 98.059 0 5.46157 1.05481 1.05481 0.00675207 0.00675207 5.24697 1.60206 -7.68292 8.42777 0 0 0
1
 12 0 0 0 0 0 0
 0 0.02 122.471 0 4.98295 0.988153 0.988153 0.00753855 0.00753855 5.22305 1.60206 -7.53344 8.27829 0 0 0
1
 12 0 0 0 0 0 0
 0 0.02 161.667 0 4.46272 0.919292 0.919292 0.00833026 0.00833026 5.20136 1.60206 -7.39797 8.14282 0 0 0
1
 12 0 0 0 0 0 0
 0 0.02 156.038 0 4.52486 0.927329 0.927329 0.0082384 0.0082384 5.20377 1.60206 -7.41301 8.15786 0 0 0
1
 12 0 0 0 0 0 0
 0 0.02 218.529 0 3.97768 0.85829 0.85829 0.00902687 0.00902687 5.18392 1.60206 -7.28903 8.03388 0 0 0
1
 12 0 0 0 0 0 0
 0 0.02 184.858 0 4.23774 0.890518 0.890518 0.00865873 0.00865873 5.19296 1.60206 -7.34551 8.09036 0 0 0
1
 12 0 0 0 0 0 0
 0 0.02 265.899 0 3.69881 0.825445 0.825445 0.00940372 0.00940372 5.17504 1.60206 -7.23355 7.9784 0 0 0
1
 12 0 0 0 0 0 0
 0 0.02 291.287 0 3.57774 0.812324 0.812324 0.00955506 0.00955506 5.17157 1.60206 -7.2119 7.95675 0 0 0
1
 12 0 0 0 0 0 0
 0 0.02 261.875 0 3.71973 0.829052 0.829052 0.00936221 0.00936221 5.176 1.60206 -7.23955 7.9844 0 0 0
1
 12 0 0 0 0 0 0
 0 0.02 331.653 0 3.41425 0.791325 0.791325 0.0112603 0.0112603 5.13592 1.60206 -6.98919 7.73404 0 0 0
1
 12 0 0 0 0 0 0
 0 0.02 318.037 0 3.46604 0.797902 0.797902 0.0110629 0.0110629 5.13976 1.60206 -7.01317 7.75802 0 0 0
1
 12 0 0 0 0 0 0
 0 0.02 314.18 0 3.48129 0.799821 0.799821 0.0110054 0.0110054 5.14089 1.60206 -7.02025 7.7651 0 0 0
1
 12 0 0 0 0 0 0
 0 0.02 325.733 0 3.43639 0.794217 0.794217 0.0111735 0.0111735 5.1376 1.60206 -6.99969 7.74454 0 0 0
1
 12 0 0 0 0 0 0
 0 0.02 396.621 0 3.20336 0.765268 0.765268 0.012042 0.012042 5.12134 1.60206 -6.89818 7.64303 0 0 0
1
 12 0 0 0 0 0 0
 0 0.02 416.429 0 3.14882 0.769887 0.769887 0.0119034 0.0119034 5.12386 1.60206 -6.91388 7.65873 0 0 0
1
 12 0 0 0 0 0 0
 0 0.02 367.077 0 3.29269 0.776387 0.776387 0.0117084 0.0117084 5.12744 1.60206 -6.93627 7.68112 0 0 0
1
 12 0 0 0 0 0 0
 0 0.02 422.22 0 3.13321 0.756676 0.756676 0.0122997 0.0122997 5.11674 1.60206 -6.86947 7.61432 0 0 0
1
 12 0 0 0 0 0 0
 0 0.02 457.14 0 3.04655 0.746161 0.746161 0.0126152 0.0126152 5.11124 1.60206 -6.83513 7.57998 0 0 0
1
 12 0 0 0 0 0 0
 0 0.02 451.495 0 3.0599 0.747718 0.747718 0.0125685 0.0125685 5.11205 1.60206 -6.84016 7.58501 0 0 0
1
 12 0 0 0 0 0 0
 0 0.02 516.591 0 2.91821 0.730327 0.730327 0.0130902 0.0130902 5.10322 1.60206 -6.78502 7.52987 0 0 0
