1
 12 0 0 0 0 0 0
 0 0.002 5107.43 0 1.11629 0.531417 0.531417 0.0214579 0.0214579 4.9959 1.60206 -6.11536 6.86021 0 0 0
1
 12 0 0 0 0 0 0
 0 0.002 8356.64 0 0.960425 0.532581 0.532581 0.0213823 0.0213823 4.99666 1.60206 -6.12014 6.86499 0 0 0
1
 12 0 0 0 0 0 0
 0 0.002 8790.97 0 0.946337 0.531511 0.531511 0.0214518 0.0214518 4.99596 1.60206 -6.11575 6.8606 0 0 0
1
 12 0 0 0 0 0 0
 0 0.002 5107.43 0 1.11629 0.531417 0.531417 0.0214579 0.0214579 4.9959 1.60206 -6.11536 6.86021 0 0 0
1
 12 0 0 0 0 0 0
 0 0.002 8356.64 0 0.960425 0.532581 0.532581 0.0213823 0.0213823 4.99666 1.60206 -6.12014 6.86499 0 0 0
1
 12 0 0 0 0 0 0
 0 0.002 8790.97 0 0.946337 0.531511 0.531511 0.0214518 0.0214518 4.99596 1.60206 -6.11575 6.8606 0 0 0
1
 12 0 0 0 0 0 0
 0 0.0020588 3398.43 0 1.27143 0.543112 0.543112 0.0206977 0.0206977 5.00373 1.60206 -6.1642 6.90905 0 0 0
1
 12 0 0 0 0 0 0
 0 0.0020232 7801.19 0 0.980583 0.533168 0.533168 0.0213441 0.0213441 4.99705 1.60206 -6.12256 6.86741 0 0 0
1
 12 0 0 0 0 0 0
 0 0.0020144 6942.94 0 1.01519 0.533908 0.533908 0.021296 0.021296 4.99754 1.60206 -6.12562 6.87047 0 0 0
1
 12 0 0 0 0 0 0
 0 0.0020704 5432.37 0 1.09643 0.529876 0.529876 0.0215581 0.0215581 4.99489 1.60206 -6.10906 6.85391 0 0 0
1
 12 0 0 0 0 0 0
 0 0.0023387 3238.63 0 1.29912 0.548487 0.548487 0.0203483 0.0203483 5.00743 1.60206 -6.18725 6.9321 0 0 0
1
 12 0 0 0 0 0 0
 0 0.0021244 4470.58 0 1.16665 0.533732 0.533732 0.0213075 0.0213075 4.99743 1.60206 -6.12489 6.86974 0 0 0
1
 12 0 0 0 0 0 0
 0 0.002 5107.43 0 1.11629 0.531417 0.531417 0.0214579 0.0214579 4.9959 1.60206 -6.11536 6.86021 0 0 0
1
 12 0 0 0 0 0 0
 0 0.002 8356.64 0 0.960425 0.532581 0.532581 0.0213823 0.0213823 4.99666 1.60206 -6.12014 6.86499 0 0 0
1
 12 0 0 0 0 0 0
 0 0.002 8790.97 0 0.946337 0.531511 0.531511 0.0214518 0.0214518 4.99596 1.60206 -6.11575 6.8606 0 0 0
1
 12 0 0 0 0 0 0
 0 0.002 5107.43 0 1.11629 0.531417 0.531417 0.0214579 0.0214579 4.9959 1.60206 -6.11536 6.86021 0 0 0
1
 12 0 0 0 0 0 0
 0 0.002 8356.64 0 0.960425 0.532581 0.532581 0.0213823 0.0213823 4.99666 1.60206 -6.12014 6.86499 0 0 0
1
 12 0 0 0 0 0 0
 0 0.002 8790.97 0 0.946337 0.531511 0.531511 0.0214518 0.0214518 4.99596 1.60206 -6.11575 6.8606 0 0 0
1
 12 0 0 0 0 0 0
 0 0.0020588 3398.43 0 1.27143 0.543112 0.543112 0.0206977 0.0206977 5.00373 1.60206 -6.1642 6.90905 0 0 0
1
 12 0 0 0 0 0 0
 0 0.0020232 7801.19 0 0.980583 0.533168 0.533168 0.0213441 0.0213441 4.99705 1.60206 -6.12256 6.86741 0 0 0
1
 12 0 0 0 0 0 0
 0 0.0020144 6942.94 0 1.01519 0.533908 0.533908 0.021296 0.021296 4.99754 1.60206 -6.12562 6.87047 0 0 0
1
 12 0 0 0 0 0 0
 0 0.0020704 5432.37 0 1.09643 0.529876 0.529876 0.0215581 0.0215581 4.99489 1.60206 -6.10906 6.85391 0 0 0
1
 12 0 0 0 0 0 0
 0 0.0023387 3238.63 0 1.29912 0.548487 0.548487 0.0203483 0.0203483 5.00743 1.60206 -6.18725 6.9321 0 0 0
1
 12 0 0 0 0 0 0
 0 0.0021244 4470.58 0 1.16665 0.533732 0.533732 0.0213075 0.0213075 4.99743 1.60206 -6.12489 6.86974 0 0 0
1
 12 0 0 0 0 0 0
 0 0.0020428 3947.12 0 1.21126 0.538286 0.538286 0.0210114 0.0210114 5.00046 1.60206 -6.14383 6.88868 0 0 0
1
 12 0 0 0 0 0 0
 0 0.0022432 3540.35 0 1.25954 0.540445 0.540445 0.0208711 0.0208711 5.00192 1.60206 -6.15291 6.89776 0 0 0
1
 12 0 0 0 0 0 0
 0 0.0021101 3746.4 0 1.23339 0.539419 0.539419 0.0209378 0.0209378 5.00123 1.60206 -6.14859 6.89344 0 0 0
1
 12 0 0 0 0 0 0
 0 0.0020241 3902.69 0 1.21514 0.53852 0.53852 0.0209962 0.0209962 5.00062 1.60206 -6.14481 6.88966 0 0 0
